# Poses


# Pose 1 : asking the cell phone

# 1. RIGHT LIMB

'position': 
	Point(x=0.710432081605721, y=-0.44577004895817207, z=0.21224146528099863), 
'orientation': 
	Quaternion(x=0.44546171509714305, y=0.38443411088356627, z=0.755214727913393, w=0.28883384412941165)

# 2. LEFT LIMB

'position': 
	Point(x=0.7137212555650616, y=-0.19438931432328346, z=0.21497999129857615), 
'orientation': Quaternion(x=0.050702494011949824, y=0.7073086568025925, z=-0.6646810907023312, w=0.23525043841795562)

# Joint angles 1: asking the cell phone

#1. RIGHT LIMB

{'right_s0': -0.9338108035583497, 
'right_s1': 1.0484758673217773, 
'right_w0': -0.5790777467651368, 
'right_w1': 0.44370394238891603, 
'right_w2': 0.12540292926635743, 
'right_e0': 1.5642769066589357, 
'right_e1': 1.7153740140930176}

#2. LEFT LIMB

{'left_w0': 1.491029324121094, 
'left_w1': 0.6818544594360352, 
'left_w2': -0.09127185677490235, 
'left_e0': -2.1928255337768556, 
'left_e1': 1.5389662236877442, 
'left_s0': -0.4536748174987793, 
'left_s1': 0.9867331406799317}

# Pose 2 : asking the cell phone

# 1. RIGHT LIMB

'position': 
	Point(x=0.7259809734775914, y=-0.4825183241816048, z=0.14700002887010719), 

'orientation': 
	Quaternion(x=0.49693331757208387, y=0.38413735413478134, z=0.7225631929464188, w=0.28878747071888067)

# 2. LEFT LIMB

'position': 
	Point(x=0.7680516793731651, y=-0.21229862636450722, z=0.1098179390028972), 

'orientation': 
	Quaternion(x=0.43962482517241996, y=-0.5450212683921001, z=0.6959112652378675, w=0.1593403307622277)

# Joint angles 2: asking the cell phone

# 1. RIGHT LIMB

'right_s0': -0.9299758515930177, 
'right_s1': 1.0392719826049805, 
'right_w0': -0.5802282323547364, 
'right_w1': 0.4402524856201172, 
'right_w2': 0.12003399651489259, 
'right_e0': 1.5596749643005372, 
'right_e1': 1.5995584647399903

# 2. LEFT LIMB

'left_w0': 0.31063110919189457, 
'left_w1': 1.0239321747436525, 
'left_w2': -0.16605342009887697, 
'left_e0': -1.542417680456543, 
'left_e1': 0.8624806970031739, 
'left_s0': -0.5219369624816895, 
'left_s1': 0.519252496105957

'right_s0': -0.8559612786621095, 
'right_s1': 0.9955535302001953, 
'right_w0': -0.44638840876464847, 
'right_w1': 0.6883738777770997, 
'right_w2': -0.2534903249084473, 
'right_e0': 1.562742925872803, 
'right_e1': 1.483742915386963

'left_w0': 0.4759175388977051, 
'left_w1': 0.77581078258667, 
'left_w2': 0.13690778516235352, 
'left_e0': -1.6114468158325197, 
'left_e1': 1.0772380070617678, 
'left_s0': -0.3252039266601563, 
'left_s1': 0.6948932961181641

